@doc raw"""
First twenty roots of Bessel function ``J_0`` in Float64.
https://mathworld.wolfram.com/BesselFunctionZeros.html

# Examples
```jldoctest
julia> zeros = besselj0.(FastGaussQuadrature.BESSELJ0_ROOTS);

julia> all(zeros .< 1e-14)
true
```
"""
const BESSELJ0_ROOTS = @SVector [
    # runic: off
    2.4048255576957728,
    5.5200781102863106,
    8.6537279129110122,
    11.791534439014281,
    14.930917708487785,
    18.071063967910922,
    21.211636629879258,
    24.352471530749302,
    27.493479132040254,
    30.634606468431975,
    33.775820213573568,
    36.917098353664044,
    40.058425764628239,
    43.199791713176730,
    46.341188371661814,
    49.482609897397817,
    52.624051841114996,
    55.765510755019979,
    58.906983926080942,
    62.048469190227170,
    # runic: on
]


@doc raw"""
Coefficients of Chebyshev series approximations for the zeros of the Bessel functions
```math
j_{\nu, s} \approx \sum_{k}^{n} C_{k,s} T_k(\frac{\nu-2}{3})
```
where $j_{\nu, s}$ is a ``s``-th zero of Bessel function ``J_\nu``, ``\{T_k\}`` are Chebyshev polynomials and ``C_{k, s}`` is the coefficients.
"""
const PIESSENS_C = @SMatrix [
    # runic: off
       2.883975316228  8.263194332307 11.493871452173 14.689036505931 17.866882871378 21.034784308088
       0.767665211539  4.209200330779  4.317988625384  4.387437455306  4.435717974422  4.471319438161
      -0.086538804759 -0.164644722483 -0.130667664397 -0.109469595763 -0.094492317231 -0.083234240394
       0.020433979038  0.039764618826  0.023009510531  0.015359574754  0.011070071951  0.008388073020
      -0.006103761347 -0.011799527177 -0.004987164201 -0.002655024938 -0.001598668225 -0.001042443435
       0.002046841322  0.003893555229  0.001204453026  0.000511852711  0.000257620149  0.000144611721
      -0.000734476579 -0.001369989689 -0.000310786051 -0.000105522473 -0.000044416219 -0.000021469973
       0.000275336751  0.000503054700  0.000083834770  0.000022761626  0.000008016197  0.000003337753
      -0.000106375704 -0.000190381770 -0.000023343325 -0.000005071979 -0.000001495224 -0.000000536428
       0.000042003336  0.000073681222  0.000006655551  0.000001158094  0.000000285903  0.000000088402
      -0.000016858623 -0.000029010830 -0.000001932603 -0.000000269480 -0.000000055734 -0.000000014856
       0.000006852440  0.000011579131  0.000000569367  0.000000063657  0.000000011033  0.000000002536
      -0.000002813300 -0.000004672877 -0.000000169722 -0.000000015222 -0.000000002212 -0.000000000438
       0.000001164419  0.000001903082  0.000000051084  0.000000003677  0.000000000448  0.000000000077
      -0.000000485189 -0.000000781030 -0.000000015501 -0.000000000896 -0.000000000092 -0.000000000014
       0.000000203309  0.000000322648  0.000000004736  0.000000000220  0.000000000019  0.000000000002
      -0.000000085602 -0.000000134047 -0.000000001456 -0.000000000054 -0.000000000004               0
       0.000000036192  0.000000055969  0.000000000450  0.000000000013               0               0
      -0.000000015357 -0.000000023472 -0.000000000140 -0.000000000003               0               0
       0.000000006537  0.000000009882  0.000000000043  0.000000000001               0               0
      -0.000000002791 -0.000000004175 -0.000000000014               0               0               0
       0.000000001194  0.000000001770  0.000000000004               0               0               0
      -0.000000000512 -0.000000000752               0               0               0               0
       0.000000000220  0.000000000321               0               0               0               0
      -0.000000000095 -0.000000000137               0               0               0               0
       0.000000000041  0.000000000059               0               0               0               0
      -0.000000000018 -0.000000000025               0               0               0               0
       0.000000000008  0.000000000011               0               0               0               0
      -0.000000000003 -0.000000000005               0               0               0               0
       0.000000000001  0.000000000002               0               0               0               0
    # runic: on
]


@doc raw"""
Values of Bessel function ``J_1`` on first ten roots of Bessel function `J_0`.

# Examples
```jldoctest
julia> roots = approx_besselroots(0,10);

julia> (besselj1.(roots)).^2 ≈ FastGaussQuadrature.BESSELJ1_ON_BESSELJ0_ROOTS
true
```
"""
const BESSELJ1_ON_BESSELJ0_ROOTS = @SVector [
    # runic: off
    0.2695141239419169,
    0.1157801385822037,
    0.07368635113640822,
    0.05403757319811628,
    0.04266142901724309,
    0.03524210349099610,
    0.03002107010305467,
    0.02614739149530809,
    0.02315912182469139,
    0.02078382912226786,
    # runic: on
]


@doc raw"""
The first 11 roots of the Airy function in Float64 precision
https://mathworld.wolfram.com/AiryFunctionZeros.html

# Examples
```jldoctest
julia> zeros = airy.(FastGaussQuadrature.AIRY_ROOTS);

julia> all(zeros .< 1e-14)
true
```
"""
const AIRY_ROOTS = @SVector [
    # runic: off
    -2.338107410459767,
    -4.08794944413097,
    -5.520559828095551,
    -6.786708090071759,
    -7.944133587120853,
    -9.022650853340981,
    -10.04017434155809,
    -11.00852430373326,
    -11.93601556323626,
    -12.828776752865757,
    -13.69148903521072,
    # runic: on
]

@doc raw"""
10-point Chebyshev type 2 integration matrix computed using Chebfun. 

Used for numerical integration in boundary asymptotics for Gauss-Jacobi.
"""
const CUMSUMMAT_10 = [
        0 0 0 0 0 0 0 0 0 0;
        0.019080722834519 0.0496969890549313 -0.0150585059796021 0.0126377679164575 -0.0118760811432484 0.0115424841953298 -0.0113725236133433 0.0112812076497144 -0.011235316890839 0.00561063519017238;
        0.000812345683614654 0.14586999854807 0.0976007154946748 -0.0146972757610091 0.00680984376276729 -0.00401953146146086 0.00271970678005437 -0.00205195604894289 0.00172405556686793 -0.000812345683614662;
        0.017554012345679 0.103818185816131 0.249384588781868 0.149559082892416 -0.0321899366961563 0.0210262631520163 -0.0171075837742504 0.0153341224604243 -0.0145160806571407 0.00713734567901234;
        0.00286927716087872 0.136593368810421 0.201074970443365 0.339479954969535 0.164397864607267 -0.0260484364615523 0.0127399306249393 -0.00815620454308202 0.00627037388217603 -0.00286927716087872;
        0.0152149561732244 0.110297082689861 0.233440527881186 0.289200104648429 0.369910942265696 0.179464641196877 -0.0375399196961666 0.0242093528947391 -0.0200259122383839 0.00947640185146695;
        0.00520833333333334 0.131083537229178 0.20995020087768 0.319047619047619 0.322836242652128 0.376052442500301 0.152380952380952 -0.024100265443764 0.0127492707559062 -0.00520833333333333;
        0.0131580246959603 0.114843401005169 0.227336279387047 0.299220328493314 0.347882037265605 0.337052662041377 0.316637311034378 0.12768360784343 -0.0293025419760333 0.011533333328731;
        0.00673504382217329 0.127802773462876 0.21400311568839 0.313312558886712 0.332320021608814 0.355738586947393 0.289302267356911 0.240342829317707 0.0668704675171058 -0.00673504382217329;
        0.0123456790123457 0.116567456572037 0.225284323338104 0.301940035273369 0.343862505804144 0.343862505804144 0.301940035273369 0.225284323338104 0.116567456572037 0.0123456790123457
    ]
@doc raw"""
10-point Chebyshev type 2 differentiation matrix computed using Chebfun.

Used for numerical differentiation in boundary asymptotics for Gauss-Jacobi.
"""
const DIFFMAT_10 = [
        -27.1666666666667 33.1634374775264 -8.54863217041303 4 -2.42027662546121 1.70408819104185 -1.33333333333333 1.13247433143179 -1.03109120412576 0.5;
        -8.29085936938159 4.01654328417507 5.75877048314363 -2.27431608520652 1.30540728933228 -0.898197570222574 0.694592710667722 -0.586256827714545 0.532088886237956 -0.257772801031441;
        2.13715804260326 -5.75877048314363 0.927019729872654 3.75877048314364 -1.68805925749197 1.06417777247591 -0.789861687269397 0.652703644666139 -0.586256827714545 0.283118582857949;
        -1 2.27431608520652 -3.75877048314364 0.333333333333335 3.06417777247591 -1.48445439793712 1 -0.789861687269397 0.694592710667722 -0.333333333333333;
        0.605069156365302 -1.30540728933228 1.68805925749197 -3.06417777247591 0.0895235543024196 2.87938524157182 -1.48445439793712 1.06417777247591 -0.898197570222574 0.426022047760462;
        -0.426022047760462 0.898197570222574 -1.06417777247591 1.48445439793712 -2.87938524157182 -0.0895235543024196 3.06417777247591 -1.68805925749197 1.30540728933228 -0.605069156365302;
        0.333333333333333 -0.694592710667722 0.789861687269397 -1 1.48445439793712 -3.06417777247591 -0.333333333333335 3.75877048314364 -2.27431608520652 1;
        -0.283118582857949 0.586256827714545 -0.652703644666139 0.789861687269397 -1.06417777247591 1.68805925749197 -3.75877048314364 -0.927019729872654 5.75877048314363 -2.13715804260326;
        0.257772801031441 -0.532088886237956 0.586256827714545 -0.694592710667722 0.898197570222574 -1.30540728933228 2.27431608520652 -5.75877048314363 -4.01654328417507 8.29085936938159;
        -0.5 1.03109120412576 -1.13247433143179 1.33333333333333 -1.70408819104185 2.42027662546121 -4 8.54863217041303 -33.1634374775264 27.1666666666667
    ]